{
 "cells": [
  {
   "cell_type": "markdown",
   "metadata": {},
   "source": [
    "# Importing Required Libraries"
   ]
  },
  {
   "cell_type": "code",
   "execution_count": 1,
   "metadata": {},
   "outputs": [],
   "source": [
    "import pandas as pd\n",
    "import pandas_profiling as pp\n",
    "import plotly.express as px\n",
    "import numpy as np\n",
    "\n",
    "from sklearn.model_selection import train_test_split\n",
    "\n",
    "from sklearn.tree import DecisionTreeClassifier\n",
    "from sklearn.model_selection import GridSearchCV\n",
    "from sklearn.ensemble import RandomForestClassifier\n",
    "from imblearn.ensemble import BalancedRandomForestClassifier\n",
    "from sklearn.neighbors import KNeighborsClassifier\n",
    "from catboost import CatBoostClassifier\n",
    "from xgboost import XGBClassifier\n",
    "\n",
    "from sklearn.metrics import accuracy_score\n",
    "from sklearn.metrics import classification_report\n",
    "from sklearn.metrics import confusion_matrix\n",
    "from sklearn.ensemble import RandomForestClassifier"
   ]
  },
  {
   "cell_type": "markdown",
   "metadata": {},
   "source": [
    "# Load and view dataset"
   ]
  },
  {
   "cell_type": "code",
   "execution_count": 2,
   "metadata": {},
   "outputs": [],
   "source": [
    "def data_extraction(file_name):\n",
    "    if os.path.isfile(file_name):\n",
    "        df = pd.read_csv(file_name)\n",
    "        return df\n",
    "    raise FileNotFoundError(errno.ENOENT, os.strerror(errno.ENOENT), file_name)"
   ]
  },
  {
   "cell_type": "code",
   "execution_count": 3,
   "metadata": {},
   "outputs": [
    {
     "data": {
      "text/html": [
       "<div>\n",
       "<style scoped>\n",
       "    .dataframe tbody tr th:only-of-type {\n",
       "        vertical-align: middle;\n",
       "    }\n",
       "\n",
       "    .dataframe tbody tr th {\n",
       "        vertical-align: top;\n",
       "    }\n",
       "\n",
       "    .dataframe thead th {\n",
       "        text-align: right;\n",
       "    }\n",
       "</style>\n",
       "<table border=\"1\" class=\"dataframe\">\n",
       "  <thead>\n",
       "    <tr style=\"text-align: right;\">\n",
       "      <th></th>\n",
       "      <th>months_as_customer</th>\n",
       "      <th>age</th>\n",
       "      <th>policy_number</th>\n",
       "      <th>policy_bind_date</th>\n",
       "      <th>policy_state</th>\n",
       "      <th>policy_csl</th>\n",
       "      <th>policy_deductable</th>\n",
       "      <th>policy_annual_premium</th>\n",
       "      <th>umbrella_limit</th>\n",
       "      <th>insured_zip</th>\n",
       "      <th>...</th>\n",
       "      <th>witnesses</th>\n",
       "      <th>police_report_available</th>\n",
       "      <th>total_claim_amount</th>\n",
       "      <th>injury_claim</th>\n",
       "      <th>property_claim</th>\n",
       "      <th>vehicle_claim</th>\n",
       "      <th>auto_make</th>\n",
       "      <th>auto_model</th>\n",
       "      <th>auto_year</th>\n",
       "      <th>fraud_reported</th>\n",
       "    </tr>\n",
       "  </thead>\n",
       "  <tbody>\n",
       "    <tr>\n",
       "      <th>0</th>\n",
       "      <td>328</td>\n",
       "      <td>48</td>\n",
       "      <td>521585</td>\n",
       "      <td>17-10-2014</td>\n",
       "      <td>OH</td>\n",
       "      <td>250/500</td>\n",
       "      <td>1000</td>\n",
       "      <td>1406.91</td>\n",
       "      <td>0</td>\n",
       "      <td>466132</td>\n",
       "      <td>...</td>\n",
       "      <td>2</td>\n",
       "      <td>YES</td>\n",
       "      <td>71610</td>\n",
       "      <td>6510</td>\n",
       "      <td>13020</td>\n",
       "      <td>52080</td>\n",
       "      <td>Saab</td>\n",
       "      <td>92x</td>\n",
       "      <td>2004</td>\n",
       "      <td>Y</td>\n",
       "    </tr>\n",
       "    <tr>\n",
       "      <th>1</th>\n",
       "      <td>228</td>\n",
       "      <td>42</td>\n",
       "      <td>342868</td>\n",
       "      <td>27-06-2006</td>\n",
       "      <td>IN</td>\n",
       "      <td>250/500</td>\n",
       "      <td>2000</td>\n",
       "      <td>1197.22</td>\n",
       "      <td>5000000</td>\n",
       "      <td>468176</td>\n",
       "      <td>...</td>\n",
       "      <td>0</td>\n",
       "      <td>?</td>\n",
       "      <td>5070</td>\n",
       "      <td>780</td>\n",
       "      <td>780</td>\n",
       "      <td>3510</td>\n",
       "      <td>Mercedes</td>\n",
       "      <td>E400</td>\n",
       "      <td>2007</td>\n",
       "      <td>Y</td>\n",
       "    </tr>\n",
       "    <tr>\n",
       "      <th>2</th>\n",
       "      <td>134</td>\n",
       "      <td>29</td>\n",
       "      <td>687698</td>\n",
       "      <td>06-09-2000</td>\n",
       "      <td>OH</td>\n",
       "      <td>100/300</td>\n",
       "      <td>2000</td>\n",
       "      <td>1413.14</td>\n",
       "      <td>5000000</td>\n",
       "      <td>430632</td>\n",
       "      <td>...</td>\n",
       "      <td>3</td>\n",
       "      <td>NO</td>\n",
       "      <td>34650</td>\n",
       "      <td>7700</td>\n",
       "      <td>3850</td>\n",
       "      <td>23100</td>\n",
       "      <td>Dodge</td>\n",
       "      <td>RAM</td>\n",
       "      <td>2007</td>\n",
       "      <td>N</td>\n",
       "    </tr>\n",
       "    <tr>\n",
       "      <th>3</th>\n",
       "      <td>256</td>\n",
       "      <td>41</td>\n",
       "      <td>227811</td>\n",
       "      <td>25-05-1990</td>\n",
       "      <td>IL</td>\n",
       "      <td>250/500</td>\n",
       "      <td>2000</td>\n",
       "      <td>1415.74</td>\n",
       "      <td>6000000</td>\n",
       "      <td>608117</td>\n",
       "      <td>...</td>\n",
       "      <td>2</td>\n",
       "      <td>NO</td>\n",
       "      <td>63400</td>\n",
       "      <td>6340</td>\n",
       "      <td>6340</td>\n",
       "      <td>50720</td>\n",
       "      <td>Chevrolet</td>\n",
       "      <td>Tahoe</td>\n",
       "      <td>2014</td>\n",
       "      <td>Y</td>\n",
       "    </tr>\n",
       "    <tr>\n",
       "      <th>4</th>\n",
       "      <td>228</td>\n",
       "      <td>44</td>\n",
       "      <td>367455</td>\n",
       "      <td>06-06-2014</td>\n",
       "      <td>IL</td>\n",
       "      <td>500/1000</td>\n",
       "      <td>1000</td>\n",
       "      <td>1583.91</td>\n",
       "      <td>6000000</td>\n",
       "      <td>610706</td>\n",
       "      <td>...</td>\n",
       "      <td>1</td>\n",
       "      <td>NO</td>\n",
       "      <td>6500</td>\n",
       "      <td>1300</td>\n",
       "      <td>650</td>\n",
       "      <td>4550</td>\n",
       "      <td>Accura</td>\n",
       "      <td>RSX</td>\n",
       "      <td>2009</td>\n",
       "      <td>N</td>\n",
       "    </tr>\n",
       "  </tbody>\n",
       "</table>\n",
       "<p>5 rows × 39 columns</p>\n",
       "</div>"
      ],
      "text/plain": [
       "   months_as_customer  age  policy_number policy_bind_date policy_state  \\\n",
       "0                 328   48         521585       17-10-2014           OH   \n",
       "1                 228   42         342868       27-06-2006           IN   \n",
       "2                 134   29         687698       06-09-2000           OH   \n",
       "3                 256   41         227811       25-05-1990           IL   \n",
       "4                 228   44         367455       06-06-2014           IL   \n",
       "\n",
       "  policy_csl  policy_deductable  policy_annual_premium  umbrella_limit  \\\n",
       "0    250/500               1000                1406.91               0   \n",
       "1    250/500               2000                1197.22         5000000   \n",
       "2    100/300               2000                1413.14         5000000   \n",
       "3    250/500               2000                1415.74         6000000   \n",
       "4   500/1000               1000                1583.91         6000000   \n",
       "\n",
       "   insured_zip  ... witnesses police_report_available total_claim_amount  \\\n",
       "0       466132  ...         2                     YES              71610   \n",
       "1       468176  ...         0                       ?               5070   \n",
       "2       430632  ...         3                      NO              34650   \n",
       "3       608117  ...         2                      NO              63400   \n",
       "4       610706  ...         1                      NO               6500   \n",
       "\n",
       "  injury_claim property_claim  vehicle_claim  auto_make auto_model auto_year  \\\n",
       "0         6510          13020          52080       Saab        92x      2004   \n",
       "1          780            780           3510   Mercedes       E400      2007   \n",
       "2         7700           3850          23100      Dodge        RAM      2007   \n",
       "3         6340           6340          50720  Chevrolet      Tahoe      2014   \n",
       "4         1300            650           4550     Accura        RSX      2009   \n",
       "\n",
       "  fraud_reported  \n",
       "0              Y  \n",
       "1              Y  \n",
       "2              N  \n",
       "3              Y  \n",
       "4              N  \n",
       "\n",
       "[5 rows x 39 columns]"
      ]
     },
     "execution_count": 3,
     "metadata": {},
     "output_type": "execute_result"
    }
   ],
   "source": [
    "df = data_extraction('./../src/data_repo/data/insurance_claims.csv')\n",
    "df.head()"
   ]
  },
  {
   "cell_type": "code",
   "execution_count": 4,
   "metadata": {},
   "outputs": [
    {
     "data": {
      "text/plain": [
       "(990, 39)"
      ]
     },
     "execution_count": 4,
     "metadata": {},
     "output_type": "execute_result"
    }
   ],
   "source": [
    "df.shape"
   ]
  },
  {
   "cell_type": "code",
   "execution_count": 5,
   "metadata": {},
   "outputs": [
    {
     "data": {
      "text/plain": [
       "months_as_customer               int64\n",
       "age                              int64\n",
       "policy_number                    int64\n",
       "policy_bind_date                object\n",
       "policy_state                    object\n",
       "policy_csl                      object\n",
       "policy_deductable                int64\n",
       "policy_annual_premium          float64\n",
       "umbrella_limit                   int64\n",
       "insured_zip                      int64\n",
       "insured_sex                     object\n",
       "insured_education_level         object\n",
       "insured_occupation              object\n",
       "insured_hobbies                 object\n",
       "insured_relationship            object\n",
       "capital-gains                    int64\n",
       "capital-loss                     int64\n",
       "incident_date                   object\n",
       "incident_type                   object\n",
       "collision_type                  object\n",
       "incident_severity               object\n",
       "authorities_contacted           object\n",
       "incident_state                  object\n",
       "incident_city                   object\n",
       "incident_location               object\n",
       "incident_hour_of_the_day         int64\n",
       "number_of_vehicles_involved      int64\n",
       "property_damage                 object\n",
       "bodily_injuries                  int64\n",
       "witnesses                        int64\n",
       "police_report_available         object\n",
       "total_claim_amount               int64\n",
       "injury_claim                     int64\n",
       "property_claim                   int64\n",
       "vehicle_claim                    int64\n",
       "auto_make                       object\n",
       "auto_model                      object\n",
       "auto_year                        int64\n",
       "fraud_reported                  object\n",
       "dtype: object"
      ]
     },
     "execution_count": 5,
     "metadata": {},
     "output_type": "execute_result"
    }
   ],
   "source": [
    "df.dtypes"
   ]
  },
  {
   "cell_type": "code",
   "execution_count": 7,
   "metadata": {},
   "outputs": [
    {
     "data": {
      "text/plain": [
       "Index(['months_as_customer', 'age', 'policy_number', 'policy_bind_date',\n",
       "       'policy_state', 'policy_csl', 'policy_deductable',\n",
       "       'policy_annual_premium', 'umbrella_limit', 'insured_zip', 'insured_sex',\n",
       "       'insured_education_level', 'insured_occupation', 'insured_hobbies',\n",
       "       'insured_relationship', 'capital-gains', 'capital-loss',\n",
       "       'incident_date', 'incident_type', 'collision_type', 'incident_severity',\n",
       "       'authorities_contacted', 'incident_state', 'incident_city',\n",
       "       'incident_location', 'incident_hour_of_the_day',\n",
       "       'number_of_vehicles_involved', 'property_damage', 'bodily_injuries',\n",
       "       'witnesses', 'police_report_available', 'total_claim_amount',\n",
       "       'injury_claim', 'property_claim', 'vehicle_claim', 'auto_make',\n",
       "       'auto_model', 'auto_year', 'fraud_reported'],\n",
       "      dtype='object')"
      ]
     },
     "execution_count": 7,
     "metadata": {},
     "output_type": "execute_result"
    }
   ],
   "source": [
    "df.columns"
   ]
  },
  {
   "cell_type": "code",
   "execution_count": 8,
   "metadata": {},
   "outputs": [
    {
     "data": {
      "text/plain": [
       "incident_location          1000\n",
       "policy_bind_date            951\n",
       "incident_date                60\n",
       "auto_model                   39\n",
       "insured_hobbies              20\n",
       "auto_make                    14\n",
       "insured_occupation           14\n",
       "insured_education_level       7\n",
       "incident_city                 7\n",
       "incident_state                7\n",
       "insured_relationship          6\n",
       "authorities_contacted         5\n",
       "collision_type                4\n",
       "incident_severity             4\n",
       "incident_type                 4\n",
       "policy_state                  3\n",
       "property_damage               3\n",
       "police_report_available       3\n",
       "policy_csl                    3\n",
       "insured_sex                   2\n",
       "fraud_reported                2\n",
       "dtype: int64"
      ]
     },
     "execution_count": 8,
     "metadata": {},
     "output_type": "execute_result"
    }
   ],
   "source": [
    "# Viewing categorical columns\n",
    "\n",
    "cat_cols = [col for col in df.columns if col not in df.describe().columns]\n",
    "\n",
    "df[cat_cols].nunique().sort_values(ascending=False)\n"
   ]
  },
  {
   "cell_type": "markdown",
   "metadata": {},
   "source": [
    "# Data Visualization"
   ]
  },
  {
   "cell_type": "markdown",
   "metadata": {},
   "source": [
    "### Pandas profiling to analyze and visualize the dataset"
   ]
  },
  {
   "cell_type": "code",
   "execution_count": 195,
   "metadata": {},
   "outputs": [
    {
     "name": "stderr",
     "output_type": "stream",
     "text": [
      "Summarize dataset: 100%|██████████| 248/248 [00:41<00:00,  6.01it/s, Completed]                                                 \n",
      "Generate report structure: 100%|██████████| 1/1 [00:17<00:00, 17.79s/it]\n",
      "Render HTML: 100%|██████████| 1/1 [00:19<00:00, 19.47s/it]\n",
      "Export report to file: 100%|██████████| 1/1 [00:00<00:00,  7.48it/s]\n"
     ]
    }
   ],
   "source": [
    "prof = pp.ProfileReport(df, title=\"Pandas Profiling Report\")\n",
    "prof.to_file('profile_report.html')\n"
   ]
  },
  {
   "cell_type": "code",
   "execution_count": 196,
   "metadata": {},
   "outputs": [
    {
     "data": {
      "text/plain": [
       "N    753\n",
       "Y    247\n",
       "Name: fraud_reported, dtype: int64"
      ]
     },
     "execution_count": 196,
     "metadata": {},
     "output_type": "execute_result"
    }
   ],
   "source": [
    "df['fraud_reported'].value_counts()"
   ]
  },
  {
   "cell_type": "markdown",
   "metadata": {},
   "source": [
    "### Visualizing the corelation between different numeric variables"
   ]
  },
  {
   "cell_type": "code",
   "execution_count": 197,
   "metadata": {},
   "outputs": [
    {
     "data": {
      "application/vnd.plotly.v1+json": {
       "config": {
        "plotlyServerURL": "https://plot.ly"
       },
       "data": [
        {
         "coloraxis": "coloraxis",
         "hovertemplate": "x: %{x}<br>y: %{y}<br>color: %{z}<extra></extra>",
         "name": "0",
         "texttemplate": "%{z}",
         "type": "heatmap",
         "x": [
          "months_as_customer",
          "age",
          "policy_number",
          "policy_deductable",
          "policy_annual_premium",
          "umbrella_limit",
          "insured_zip",
          "capital-gains",
          "capital-loss",
          "incident_hour_of_the_day",
          "number_of_vehicles_involved",
          "bodily_injuries",
          "witnesses",
          "total_claim_amount",
          "injury_claim",
          "property_claim",
          "vehicle_claim",
          "auto_year"
         ],
         "xaxis": "x",
         "y": [
          "months_as_customer",
          "age",
          "policy_number",
          "policy_deductable",
          "policy_annual_premium",
          "umbrella_limit",
          "insured_zip",
          "capital-gains",
          "capital-loss",
          "incident_hour_of_the_day",
          "number_of_vehicles_involved",
          "bodily_injuries",
          "witnesses",
          "total_claim_amount",
          "injury_claim",
          "property_claim",
          "vehicle_claim",
          "auto_year"
         ],
         "yaxis": "y",
         "z": [
          [
           1,
           0.9220983225789804,
           0.05755503298764638,
           0.02680740256492644,
           0.005017684448634771,
           0.01549843971620093,
           0.01789476100522017,
           0.006399318706054636,
           0.020209212437198525,
           0.07063925305066998,
           0.014735895488254467,
           -0.010161564419988944,
           0.05838278739006184,
           0.06210799657596277,
           0.06532878550954267,
           0.03493981037217865,
           0.06101287878576936,
           -0.00029236541533493186
          ],
          [
           0.9220983225789804,
           1,
           0.05941347834135288,
           0.029187621920511574,
           0.014403733198297861,
           0.018126265491994257,
           0.025604175773753384,
           -0.007075077548562903,
           0.007367735506389647,
           0.08716147803802227,
           0.022102111689942458,
           -0.015679086795352157,
           0.05235872140228032,
           0.06986262577609959,
           0.07552225887201743,
           0.06089752629982788,
           0.06258764198000882,
           0.001353608059067652
          ],
          [
           0.05755503298764638,
           0.05941347834135288,
           1,
           -0.006737531771920814,
           0.02256567609246526,
           0.008967542636962152,
           0.007083205914392949,
           0.009802475318884032,
           -0.005669096583837333,
           0.00011266294229905233,
           0.01343180045743804,
           -0.004558466822736902,
           -0.012661444423098819,
           -0.018009441683099595,
           -0.008761632000269071,
           -0.010678058694566558,
           -0.02018362568894633,
           -0.00018299186471662114
          ],
          [
           0.02680740256492644,
           0.029187621920511574,
           -0.006737531771920814,
           1,
           -0.0032454463760997385,
           0.01086950147235817,
           0.004544834139489226,
           0.03521171886594883,
           -0.023544075563802874,
           0.060935086661888266,
           0.05121441060019419,
           -0.022764582228023855,
           0.0666385202692962,
           0.02283931723945643,
           0.03910677219707252,
           0.06479153061791916,
           0.0052690878676787695,
           0.026104560848340248
          ],
          [
           0.005017684448634771,
           0.014403733198297861,
           0.02256567609246526,
           -0.0032454463760997385,
           1,
           -0.006246803029813733,
           0.032354162695725726,
           -0.013738395122285783,
           0.023546759242612524,
           -0.0015783548688129384,
           -0.045991249650810875,
           0.026779859283615565,
           0.0023316136235754566,
           0.009093729149528005,
           -0.017632685994798523,
           -0.011653879679118656,
           0.020246444007758654,
           -0.04922587585015118
          ],
          [
           0.01549843971620093,
           0.018126265491994257,
           0.008967542636962152,
           0.01086950147235817,
           -0.006246803029813733,
           1,
           0.01967136716201709,
           -0.04726824463685171,
           -0.02405564178860637,
           -0.02325688110831098,
           -0.02127014846610767,
           0.022742613719330767,
           -0.006738319975039304,
           -0.04034408921760288,
           -0.045411623240228294,
           -0.02379030666991932,
           -0.03858426298870231,
           0.00989327378661103
          ],
          [
           0.01789476100522017,
           0.025604175773753384,
           0.007083205914392949,
           0.004544834139489226,
           0.032354162695725726,
           0.01967136716201709,
           1,
           0.006302848314510392,
           0.04937189842504385,
           0.008274120992348491,
           0.027448058257177423,
           0.028695457404241252,
           0.0198052940345807,
           -0.03387335772186119,
           -0.017494816666049528,
           -0.006840626169814875,
           -0.04108348419110516,
           -0.03273570131321153
          ],
          [
           0.006399318706054636,
           -0.007075077548562903,
           0.009802475318884032,
           0.03521171886594883,
           -0.013738395122285783,
           -0.04726824463685171,
           0.006302848314510392,
           1,
           -0.04690444654009023,
           -0.016405612704074396,
           0.06164259934237781,
           0.055829194474678545,
           -0.017651375847817792,
           0.015980468068589083,
           0.025933696371508736,
           -0.0007790445414113306,
           0.015836196466461252,
           0.03139806185259973
          ],
          [
           0.020209212437198525,
           0.007367735506389647,
           -0.005669096583837333,
           -0.023544075563802874,
           0.023546759242612524,
           -0.02405564178860637,
           0.04937189842504385,
           -0.04690444654009023,
           1,
           -0.0250537480514206,
           -0.014894936765822082,
           -0.024418153824373706,
           -0.04132987270040405,
           -0.03606030389185209,
           -0.04605990630975065,
           -0.022863440817917042,
           -0.0326650970430251,
           -0.0566150226554259
          ],
          [
           0.07063925305066998,
           0.08716147803802227,
           0.00011266294229905233,
           0.060935086661888266,
           -0.0015783548688129384,
           -0.02325688110831098,
           0.008274120992348491,
           -0.016405612704074396,
           -0.0250537480514206,
           1,
           0.12079426662323124,
           -0.03456318209998997,
           0.006526916000822264,
           0.2177023870325214,
           0.16576791045002612,
           0.17953586162350574,
           0.2156256330226426,
           0.021367617906016212
          ],
          [
           0.014735895488254467,
           0.022102111689942458,
           0.01343180045743804,
           0.05121441060019419,
           -0.045991249650810875,
           -0.02127014846610767,
           0.027448058257177423,
           0.06164259934237781,
           -0.014894936765822082,
           0.12079426662323124,
           1,
           0.014030113641081456,
           -0.014668684044923516,
           0.27427768265936986,
           0.22464992102091874,
           0.2190841119718898,
           0.2693930380014259,
           0.034553681456766024
          ],
          [
           -0.010161564419988944,
           -0.015679086795352157,
           -0.004558466822736902,
           -0.022764582228023855,
           0.026779859283615565,
           0.022742613719330767,
           0.028695457404241252,
           0.055829194474678545,
           -0.024418153824373706,
           -0.03456318209998997,
           0.014030113641081456,
           1,
           -0.005605558277451288,
           0.047092935143762206,
           0.04731868943801604,
           0.03974936846720905,
           0.04344883187399806,
           -0.020527356530740146
          ],
          [
           0.05838278739006184,
           0.05235872140228032,
           -0.012661444423098819,
           0.0666385202692962,
           0.0023316136235754566,
           -0.006738319975039304,
           0.0198052940345807,
           -0.017651375847817792,
           -0.04132987270040405,
           0.006526916000822264,
           -0.014668684044923516,
           -0.005605558277451288,
           1,
           -0.011114187757315158,
           -0.024843475493272663,
           0.05264034683856342,
           -0.022563874954604178,
           0.04579146108177324
          ],
          [
           0.06210799657596277,
           0.06986262577609959,
           -0.018009441683099595,
           0.02283931723945643,
           0.009093729149528005,
           -0.04034408921760288,
           -0.03387335772186119,
           0.015980468068589083,
           -0.03606030389185209,
           0.2177023870325214,
           0.27427768265936986,
           0.047092935143762206,
           -0.011114187757315158,
           1,
           0.8050253630561807,
           0.810686495122973,
           0.9827731790805576,
           -0.03578093686270485
          ],
          [
           0.06532878550954267,
           0.07552225887201743,
           -0.008761632000269071,
           0.03910677219707252,
           -0.017632685994798523,
           -0.045411623240228294,
           -0.017494816666049528,
           0.025933696371508736,
           -0.04605990630975065,
           0.16576791045002612,
           0.22464992102091874,
           0.04731868943801604,
           -0.024843475493272663,
           0.8050253630561807,
           1,
           0.5638659408577098,
           0.722877814857129,
           -0.013718057474875705
          ],
          [
           0.03493981037217865,
           0.06089752629982788,
           -0.010678058694566558,
           0.06479153061791916,
           -0.011653879679118656,
           -0.02379030666991932,
           -0.006840626169814875,
           -0.0007790445414113306,
           -0.022863440817917042,
           0.17953586162350574,
           0.2190841119718898,
           0.03974936846720905,
           0.05264034683856342,
           0.810686495122973,
           0.5638659408577098,
           1,
           0.7320900444571772,
           -0.014507787063594763
          ],
          [
           0.06101287878576936,
           0.06258764198000882,
           -0.02018362568894633,
           0.0052690878676787695,
           0.020246444007758654,
           -0.03858426298870231,
           -0.04108348419110516,
           0.015836196466461252,
           -0.0326650970430251,
           0.2156256330226426,
           0.2693930380014259,
           0.04344883187399806,
           -0.022563874954604178,
           0.9827731790805576,
           0.722877814857129,
           0.7320900444571772,
           1,
           -0.04276752612754668
          ],
          [
           -0.00029236541533493186,
           0.001353608059067652,
           -0.00018299186471662114,
           0.026104560848340248,
           -0.04922587585015118,
           0.00989327378661103,
           -0.03273570131321153,
           0.03139806185259973,
           -0.0566150226554259,
           0.021367617906016212,
           0.034553681456766024,
           -0.020527356530740146,
           0.04579146108177324,
           -0.03578093686270485,
           -0.013718057474875705,
           -0.014507787063594763,
           -0.04276752612754668,
           1
          ]
         ]
        }
       ],
       "layout": {
        "coloraxis": {
         "colorscale": [
          [
           0,
           "#0d0887"
          ],
          [
           0.1111111111111111,
           "#46039f"
          ],
          [
           0.2222222222222222,
           "#7201a8"
          ],
          [
           0.3333333333333333,
           "#9c179e"
          ],
          [
           0.4444444444444444,
           "#bd3786"
          ],
          [
           0.5555555555555556,
           "#d8576b"
          ],
          [
           0.6666666666666666,
           "#ed7953"
          ],
          [
           0.7777777777777778,
           "#fb9f3a"
          ],
          [
           0.8888888888888888,
           "#fdca26"
          ],
          [
           1,
           "#f0f921"
          ]
         ]
        },
        "margin": {
         "t": 60
        },
        "template": {
         "data": {
          "bar": [
           {
            "error_x": {
             "color": "#2a3f5f"
            },
            "error_y": {
             "color": "#2a3f5f"
            },
            "marker": {
             "line": {
              "color": "#E5ECF6",
              "width": 0.5
             },
             "pattern": {
              "fillmode": "overlay",
              "size": 10,
              "solidity": 0.2
             }
            },
            "type": "bar"
           }
          ],
          "barpolar": [
           {
            "marker": {
             "line": {
              "color": "#E5ECF6",
              "width": 0.5
             },
             "pattern": {
              "fillmode": "overlay",
              "size": 10,
              "solidity": 0.2
             }
            },
            "type": "barpolar"
           }
          ],
          "carpet": [
           {
            "aaxis": {
             "endlinecolor": "#2a3f5f",
             "gridcolor": "white",
             "linecolor": "white",
             "minorgridcolor": "white",
             "startlinecolor": "#2a3f5f"
            },
            "baxis": {
             "endlinecolor": "#2a3f5f",
             "gridcolor": "white",
             "linecolor": "white",
             "minorgridcolor": "white",
             "startlinecolor": "#2a3f5f"
            },
            "type": "carpet"
           }
          ],
          "choropleth": [
           {
            "colorbar": {
             "outlinewidth": 0,
             "ticks": ""
            },
            "type": "choropleth"
           }
          ],
          "contour": [
           {
            "colorbar": {
             "outlinewidth": 0,
             "ticks": ""
            },
            "colorscale": [
             [
              0,
              "#0d0887"
             ],
             [
              0.1111111111111111,
              "#46039f"
             ],
             [
              0.2222222222222222,
              "#7201a8"
             ],
             [
              0.3333333333333333,
              "#9c179e"
             ],
             [
              0.4444444444444444,
              "#bd3786"
             ],
             [
              0.5555555555555556,
              "#d8576b"
             ],
             [
              0.6666666666666666,
              "#ed7953"
             ],
             [
              0.7777777777777778,
              "#fb9f3a"
             ],
             [
              0.8888888888888888,
              "#fdca26"
             ],
             [
              1,
              "#f0f921"
             ]
            ],
            "type": "contour"
           }
          ],
          "contourcarpet": [
           {
            "colorbar": {
             "outlinewidth": 0,
             "ticks": ""
            },
            "type": "contourcarpet"
           }
          ],
          "heatmap": [
           {
            "colorbar": {
             "outlinewidth": 0,
             "ticks": ""
            },
            "colorscale": [
             [
              0,
              "#0d0887"
             ],
             [
              0.1111111111111111,
              "#46039f"
             ],
             [
              0.2222222222222222,
              "#7201a8"
             ],
             [
              0.3333333333333333,
              "#9c179e"
             ],
             [
              0.4444444444444444,
              "#bd3786"
             ],
             [
              0.5555555555555556,
              "#d8576b"
             ],
             [
              0.6666666666666666,
              "#ed7953"
             ],
             [
              0.7777777777777778,
              "#fb9f3a"
             ],
             [
              0.8888888888888888,
              "#fdca26"
             ],
             [
              1,
              "#f0f921"
             ]
            ],
            "type": "heatmap"
           }
          ],
          "heatmapgl": [
           {
            "colorbar": {
             "outlinewidth": 0,
             "ticks": ""
            },
            "colorscale": [
             [
              0,
              "#0d0887"
             ],
             [
              0.1111111111111111,
              "#46039f"
             ],
             [
              0.2222222222222222,
              "#7201a8"
             ],
             [
              0.3333333333333333,
              "#9c179e"
             ],
             [
              0.4444444444444444,
              "#bd3786"
             ],
             [
              0.5555555555555556,
              "#d8576b"
             ],
             [
              0.6666666666666666,
              "#ed7953"
             ],
             [
              0.7777777777777778,
              "#fb9f3a"
             ],
             [
              0.8888888888888888,
              "#fdca26"
             ],
             [
              1,
              "#f0f921"
             ]
            ],
            "type": "heatmapgl"
           }
          ],
          "histogram": [
           {
            "marker": {
             "pattern": {
              "fillmode": "overlay",
              "size": 10,
              "solidity": 0.2
             }
            },
            "type": "histogram"
           }
          ],
          "histogram2d": [
           {
            "colorbar": {
             "outlinewidth": 0,
             "ticks": ""
            },
            "colorscale": [
             [
              0,
              "#0d0887"
             ],
             [
              0.1111111111111111,
              "#46039f"
             ],
             [
              0.2222222222222222,
              "#7201a8"
             ],
             [
              0.3333333333333333,
              "#9c179e"
             ],
             [
              0.4444444444444444,
              "#bd3786"
             ],
             [
              0.5555555555555556,
              "#d8576b"
             ],
             [
              0.6666666666666666,
              "#ed7953"
             ],
             [
              0.7777777777777778,
              "#fb9f3a"
             ],
             [
              0.8888888888888888,
              "#fdca26"
             ],
             [
              1,
              "#f0f921"
             ]
            ],
            "type": "histogram2d"
           }
          ],
          "histogram2dcontour": [
           {
            "colorbar": {
             "outlinewidth": 0,
             "ticks": ""
            },
            "colorscale": [
             [
              0,
              "#0d0887"
             ],
             [
              0.1111111111111111,
              "#46039f"
             ],
             [
              0.2222222222222222,
              "#7201a8"
             ],
             [
              0.3333333333333333,
              "#9c179e"
             ],
             [
              0.4444444444444444,
              "#bd3786"
             ],
             [
              0.5555555555555556,
              "#d8576b"
             ],
             [
              0.6666666666666666,
              "#ed7953"
             ],
             [
              0.7777777777777778,
              "#fb9f3a"
             ],
             [
              0.8888888888888888,
              "#fdca26"
             ],
             [
              1,
              "#f0f921"
             ]
            ],
            "type": "histogram2dcontour"
           }
          ],
          "mesh3d": [
           {
            "colorbar": {
             "outlinewidth": 0,
             "ticks": ""
            },
            "type": "mesh3d"
           }
          ],
          "parcoords": [
           {
            "line": {
             "colorbar": {
              "outlinewidth": 0,
              "ticks": ""
             }
            },
            "type": "parcoords"
           }
          ],
          "pie": [
           {
            "automargin": true,
            "type": "pie"
           }
          ],
          "scatter": [
           {
            "marker": {
             "colorbar": {
              "outlinewidth": 0,
              "ticks": ""
             }
            },
            "type": "scatter"
           }
          ],
          "scatter3d": [
           {
            "line": {
             "colorbar": {
              "outlinewidth": 0,
              "ticks": ""
             }
            },
            "marker": {
             "colorbar": {
              "outlinewidth": 0,
              "ticks": ""
             }
            },
            "type": "scatter3d"
           }
          ],
          "scattercarpet": [
           {
            "marker": {
             "colorbar": {
              "outlinewidth": 0,
              "ticks": ""
             }
            },
            "type": "scattercarpet"
           }
          ],
          "scattergeo": [
           {
            "marker": {
             "colorbar": {
              "outlinewidth": 0,
              "ticks": ""
             }
            },
            "type": "scattergeo"
           }
          ],
          "scattergl": [
           {
            "marker": {
             "colorbar": {
              "outlinewidth": 0,
              "ticks": ""
             }
            },
            "type": "scattergl"
           }
          ],
          "scattermapbox": [
           {
            "marker": {
             "colorbar": {
              "outlinewidth": 0,
              "ticks": ""
             }
            },
            "type": "scattermapbox"
           }
          ],
          "scatterpolar": [
           {
            "marker": {
             "colorbar": {
              "outlinewidth": 0,
              "ticks": ""
             }
            },
            "type": "scatterpolar"
           }
          ],
          "scatterpolargl": [
           {
            "marker": {
             "colorbar": {
              "outlinewidth": 0,
              "ticks": ""
             }
            },
            "type": "scatterpolargl"
           }
          ],
          "scatterternary": [
           {
            "marker": {
             "colorbar": {
